1	100	20160916BaF042528.txt	40000
1	100	20160916BaF044600.txt	50000
1	100	20160916BaF044600.txt	50000
1	100	20160916BaF054011.txt	50000
1	100	20160916BaF060232.txt	10000
2	100	20160916BaF070742.txt	4000
2	100	20160916BaF074032.txt	5000
2	100	20160916BaF081301.txt	20000
3	100	20160916BaF093421.txt	20000
1	100	20160916BaF111440.txt	20000
1	100	20160916BaF112813.txt	20000
1	100	20160916Ba115141.txt	20000
1	100	20160916Ba120041.txt	38000
1	100	20160916Ba122419.txt	20000
1	100	20160916BaF124717.txt	20000
1	100	20160916Ba130028.txt	50000
1	100	20160916Ba141532.txt	50000
1	100	20160916Ba150402.txt	50000
3	100	20160916Ba155746.txt	8000
1	100	20160916Ba162144.txt	20000
1	100	20160916Ba163750.txt	20000
1	100	20160916Ba165404.txt	20000
1	100	20160916Ba172045.txt	20000
1	100	20160916BaF174538.txt	20000
1	100	20160916BaF180019.txt	20000
1	100	20160916BaF181317.txt	20000
1	100	20160916BaF182330.txt	20000
1	100	20160916BaF183243.txt	20000
1	100	20160916BaF184131.txt	20000
4	150	20160916BaF203039.txt	20000
4	150	20160916BaF204838.txt	20000
4	150	20160916BaF205903.txt	20000
4	150	20160916BaF210805.txt	20000
4	150	20160916BaF211752.txt	20000
4	150	20160916BaF212901.txt	20000
4	150	20160916BaF213943.txt	20000
4	150	20160916BaF220929.txt	20000
4	150	20160916BaF222253.txt	100000
4	150	20160916BaF231411.txt	20000
4	150	20160916BaF232405.txt	20000
4	150	20160916BaF233450txt	20000
4	150	20160916BaF234808.txt	20000
4	150	20160916BaF235743.txt	20000
4	150	20160917BaF001906.txt	20000
4	150	20160916BaF003156.txt	20000
4	150	20160916BaF004546.txt	20000
4	150	20160916BaF005939.txt	20000
4	150	20160916BaF011206.txt	5000
4	150	20160916BaF011814.txt	20000
4	150	20160916BaF012746.txt	20000
4	150	20160916BaF015324.txt	20000
4	150	20160916BaF021319.txt	20000
4	150	20160916BaF023233.txt	20000
4	150	20160916BaF024431.txt	20000
4	150	20160916BaF025817.txt	20000
1	150	20160917BaF032643.txt	20000
1	150	20160917BaF035730.txt	20000
1	150	20160917BaF044412.txt	20000
1	150	20160917BaF045448.txt	20000
1	150	20160917BaF050654.txt	20000
1	150	20160917BaF052229.txt	50000
1	150	20160917BaF054934.txt	50000
1	150	20160917BaF062325.txt	20000
1	100	20160917BaF074748.txt	20000
1	100	20160917BaF080832.txt	20000
1	100	20160917BaF082334.txt	20000
1	100	20160917BaF091258.txt	20000
1	100	20160917BaF100655.txt	20000
1	100	20160917BaF101844.txt	20000
1	100	20160917BaF103230.txt	20000
1	100	20160917BaF104702.txt	15000
1	100	20160917BaF140517.txt	20000
1	100	20160917BaF141719.txt	20000
1	100	20160917BaF143043.txt	20000
1	100	20160917BaF144305.txt	20000
1	100	20160917BaF150305.txt	20000
1	100	20160917BaF151822.txt	20000
1	100	20160917BaF153255.txt	20000
1	100	20160917BaF154532.txt	20000
1	100	20160917BaF160146.txt	20000
4	150	20160916BaF164726.txt	20000
4	150	20160916BaF170008.txt	20000
4	150	20160916BaF171532.txt	20000
4	150	20160916BaF172819.txt	20000
4	150	20160916BaF174235.txt	20000
4	150	20160916BaF175457.txt	20000
4	150	20160916BaF180632.txt	20000
4	150	20160916BaF194046.txt	20000
4	150	20160916BaF195613.txt	20000
4	150	20160916BaF201225.txt	20000
4	150	20160918BaF003501.txt	20000
4	150	20160918BaF004433.txt	20000
4	150	20160918BaF005729.txt	20000
2	150	20160918BaF014538.txt	2000
2	150	20160918BaF014538.txt	12500
4	150	20160918BaF033059.txt	20000
4	150	20160918BaF034024.txt	50000
4	150	20160918BaF035903.txt	50000
4	150	20160918BaF041650.txt	50000
4	150	20160918BaF043636.txt	50000
4	150	20160918BaF043636.txt	50000
4	150	20160918BaF053248.txt	50000
4	150	20160918BaF055308.txt	50000
4	150	20160918BaF061623.txt	100000
4	150	20160918BaF065305.txt	100000
4	150	20160918BaF073148.txt	100000
4	150	20160918BaF084239.txt	100000
4	150	20160918BaF091854.txt	100000
4	150	20160918BaF095436.txt	40000
4	150	20160918BaF100927.txt	0  
4	150	20160918BaF174329.txt	43000
4	150	20160918BaF175541.txt	20000
0	150	20160918BaF212229.txt	0
0	150	20160918BaF212542.txt	0
0	150	20160918BaF212900.txt	0
0	150	20160918BaF213835.txt	20000
0	150	20160918BaF214717.txt	20000
0	150	20160918BaF215318.txt	20000
0	150	20160918BaF215901.txt	20000
0	150	20160918BaF220444.txt	20000
0	50	20160918BaF221935.txt	0
0	50	20160918BaF224355.txt	20000
0	50	20160918BaF225554.txt	69913
4	150	20160919BaF053007.txt	50000
4	150	20160919BaF085858.txt	50000
4	150	20160919BaF095911.txt	48371
4	150	20160919BaF125513.txt	50000
4	150	20160919BaF135015.txt	9000
4	150	20160919BaF142351.txt	50000
4	150	20160919BaF145756.txt	50000
4	150	20160919BaF152411.txt	50000
4	150	20160919BaF154707.txt	21000
0	150	20160919BaF173744.txt	20000
0	150	20160919BaF185309.txt	20000
0	150	20160919BaF190445.txt	20000
4	150	20160919BaF190706.txt	20000
4	150	20160919BaF195103.txt	20000
4	150	20160919BaF195439.txt	50000
4	150	20160919BaF202730.txt	50000
4	150	20160919BaF204516.txt	50000
4	150	20160919BaF210310.txt	50000
4	150	20160919BaF212155.txt	50000
4	150	20160919BaF213947.txt	50000
4	150	20160919BaF215749.txt	50000
4	150	20160919BaF221603.txt	50000
4	150	20160919BaF223650.txt	50000
4	150	20160919BaF232813.txt	50000
4	150	20160919BaF234524.txt	50000
4	150	20160920BaF000131.txt	50000
4	150	20160920BaF001717.txt	50000
4	150	20160920BaF003327.txt	50000
0	50	20160920BaF040517.txt	50000
0	50	20160920BaF042413.txt	50000
0	200	20160920BaF045828.txt	20000
0	200	20160920BaF050948.txt	50000
0	150	20160920BaF060049.txt	50000
0	150	20160920BaF061856.txt	25000
0	150	20160920BaF062946.txt	25000
0	100	20160920BaF065113.txt	50000
0	100	20160920BaF071000.txt	50000
4	300	20160920BaF080001.txt	50000
4	300	20160920BaF082029.txt	7000
4	300	20160920BaF083831.txt	50000
4	300	20160920BaF085645.txt	50000
4	50	20160920BaF092808.txt	50000
4	50	20160920BaF095841.txt	50000
4	100	20160920BaF112610.txt	50000
4	100	20160920BaF115100.txt	50000
4	150	20160920BaF122416.txt	12000
4	150	20160920BaF123739.txt	50000
4	150	20160920BaF125728.txt	50000
4	150	20160920BaF131442.txt	50000
4	150	20160920BaF131442.txt	50000
4	150	20160920BaF134740.txt	50000
4	150	20160920BaF140621.txt	50000
4	150	20160920BaF142314.txt	50000
4	150	20160920BaF144143.txt	50000
4	150	20160920BaF150424.txt	50000
4	150	20160920BaF153205.txt	50000
4	150	20160920BaF162706.txt	50000
4	150	20160920BaF165250.txt	50000
4	150	20160920BaF171933.txt	50000
4	150	20160920BaF174527.txt	50000
4	150	20160920BaF181155.txt	50000
4	150	20160920BaF183904.txt	50000
4	150	20160920BaF190644.txt	50000
4	150	20160920BaF193309.txt	15000
4	150	20160920BaF194530.txt	50000
4	150	20160920BaF201437.txt	50000
4	150	20160920BaF204416.txt	50000
4	150	20160920BaF211650.txt	50000
4	150	20160920BaF214018.txt	24000
4	150	20160921BaF001000.txt	50000
4	150	20160921BaF002113.txt	20000
4	150	20160921BaF003608.txt	20000
4	150	20160921BaF004838.txt	20000
4	150	20160921BaF005623.txt	20000
4	150	20160921BaF010445.txt	20000
4	150	20160921BaF011618.txt	20000
4	150	20160921BaF012925.txt	20000
2	150	20160921BaF021831.txt	44000
2	150	20160921BaF024502.txt	23000
2	150	20160921BaF030155.txt	16500
2	150	20160921BaF033017.txt	20000
4	150	20160921BaF040545.txt	25000
4	150	20160921BaF041509.txt	50000
4	150	20160921BaF042925.txt	50000
4	150	20160921BaF044348.txt	50000
4	150	20160921BaF045949.txt	50000
4	150	20160921BaF051445.txt	50000
4	150	20160921BaF053153.txt	50000
4	150	20160921BaF054846.txt	50000
4	150	20160921BaF060145.txt	50000
4	150	20160921BaF061439.txt	50000
4	150	20160921BaF062923.txt	50000
4	150	20160921BaF064234.txt	50000
4	150	20160921BaF065626.txt	50000
4	150	20160921BaF070917.txt	50000
4	150	20160921BaF072210.txt	25000
4	150	20160921BaF072959.txt	50000
4	150	20160921BaF074251.txt	50000
4	150	20160921BaF074624.txt	8000